% -------------------------------------------------------------------
%  Generated by MATLAB on 16-Mar-2022 23:05:07
%  MATLAB version: 9.9.0.1538559 (R2020b) Update 3
% -------------------------------------------------------------------
                                  

baseMission = struct;
baseMission(1, 1).mode = uint8(1);
baseMission(1, 1).position = single( ...
  [-186; -105; -15]);
baseMission(1, 1).params = single([0; 0; 0; 0]);
baseMission(2, 1).mode = uint8(2);
baseMission(2, 1).position = single( ...
  [-156.599304; -103.102501; -15]);
baseMission(2, 1).params = single([0; 0; 0; 0]);
baseMission(3, 1).mode = uint8(2);
baseMission(3, 1).position = single( ...
  [-118.796204; -76.9053; -15]);
baseMission(3, 1).params = single([0; 0; 0; 0]);
baseMission(4, 1).mode = uint8(4);
baseMission(4, 1).position = single( ...
  [-119.122398; -11.9655; -0]);
baseMission(4, 1).params = single([0; 0; 0; 0]);
baseMission(5, 1).mode = uint8(2);
baseMission(5, 1).position = single( ...
  [-66.5216; 5.4292; -15]);
baseMission(5, 1).params = single([-1.57079637; 0; 0; 0]);
baseMission(6, 1).mode = uint8(2);
baseMission(6, 1).position = single( ...
  [-35.1881; 7.2972; -15]);
baseMission(6, 1).params = single([0; 0; 0; 0]);
baseMission(7, 1).mode = uint8(2);
baseMission(7, 1).position = single( ...
  [56.8487; 2.5424; -15]);
baseMission(7, 1).params = single([0; 0; 0; 0]);
baseMission(8, 1).mode = uint8(2);
baseMission(8, 1).position = single( ...
  [170; 31; -15]);
baseMission(8, 1).params = single([0; 0; 0; 0]);
baseMission(9, 1).mode = uint8(2);
baseMission(9, 1).position = single( ...
  [170.065506; 31.0655; -15]);
baseMission(9, 1).params = single([0; 0; 0; 0]);
baseMission(10, 1).mode = uint8(2);
baseMission(10, 1).position = single( ...
  [170.043793; 31.0438; -15]);
baseMission(10, 1).params = single([0; 0; 0; 0]);
baseMission(11, 1).mode = uint8(2);
baseMission(11, 1).position = single( ...
  [170.099792; 31.0998; -15]);
baseMission(11, 1).params = single([0; 0; 0; 0]);
baseMission(12, 1).mode = uint8(2);
baseMission(12, 1).position = single( ...
  [170.096893; 31.0969; -15]);
baseMission(12, 1).params = single([0; 0; 0; 0]);
baseMission(13, 1).mode = uint8(2);
baseMission(13, 1).position = single( ...
  [170.027; 31.027; -15]);
baseMission(13, 1).params = single([0; 0; 0; 0]);
baseMission(14, 1).mode = uint8(2);
baseMission(14, 1).position = single( ...
  [170.095703; 31.0957; -15]);
baseMission(14, 1).params = single([0; 0; 0; 0]);
baseMission(15, 1).mode = uint8(2);
baseMission(15, 1).position = single( ...
  [170.063705; 31.0637; -15]);
baseMission(15, 1).params = single([0; 0; 0; 0]);
baseMission(16, 1).mode = uint8(2);
baseMission(16, 1).position = single( ...
  [170.019196; 31.0192; -15]);
baseMission(16, 1).params = single([0; 0; 0; 0]);
baseMission(17, 1).mode = uint8(2);
baseMission(17, 1).position = single( ...
  [170.014099; 31.0141; -15]);
baseMission(17, 1).params = single([0; 0; 0; 0]);
baseMission(18, 1).mode = uint8(2);
baseMission(18, 1).position = single( ...
  [170.0224; 31.0224; -15]);
baseMission(18, 1).params = single([0; 0; 0; 0]);
baseMission(19, 1).mode = uint8(2);
baseMission(19, 1).position = single( ...
  [170.054; 31.054; -15]);
baseMission(19, 1).params = single([0; 0; 0; 0]);
baseMission(20, 1).mode = uint8(2);
baseMission(20, 1).position = single( ...
  [170.014206; 31.0142; -15]);
baseMission(20, 1).params = single([0; 0; 0; 0]);
baseMission(21, 1).mode = uint8(2);
baseMission(21, 1).position = single( ...
  [170.028107; 31.0281; -15]);
baseMission(21, 1).params = single([0; 0; 0; 0]);
baseMission(22, 1).mode = uint8(2);
baseMission(22, 1).position = single( ...
  [170.063202; 31.0632; -15]);
baseMission(22, 1).params = single([0; 0; 0; 0]);
baseMission(23, 1).mode = uint8(2);
baseMission(23, 1).position = single( ...
  [170.071198; 31.0712; -15]);
baseMission(23, 1).params = single([0; 0; 0; 0]);
baseMission(24, 1).mode = uint8(2);
baseMission(24, 1).position = single( ...
  [170.050201; 31.0502; -15]);
baseMission(24, 1).params = single([0; 0; 0; 0]);
baseMission(25, 1).mode = uint8(2);
baseMission(25, 1).position = single( ...
  [170.022202; 31.0222; -15]);
baseMission(25, 1).params = single([0; 0; 0; 0]);
baseMission(26, 1).mode = uint8(2);
baseMission(26, 1).position = single( ...
  [170.081604; 31.0816; -15]);
baseMission(26, 1).params = single([0; 0; 0; 0]);
baseMission(27, 1).mode = uint8(2);
baseMission(27, 1).position = single( ...
  [170.0634; 31.0634; -15]);
baseMission(27, 1).params = single([0; 0; 0; 0]);
baseMission(28, 1).mode = uint8(2);
baseMission(28, 1).position = single( ...
  [170.093399; 31.0934; -15]);
baseMission(28, 1).params = single([0; 0; 0; 0]);
baseMission(29, 1).mode = uint8(2);
baseMission(29, 1).position = single( ...
  [170.005402; 31.0054; -15]);
baseMission(29, 1).params = single([0; 0; 0; 0]);
baseMission(30, 1).mode = uint8(2);
baseMission(30, 1).position = single( ...
  [170.046906; 31.0469; -15]);
baseMission(30, 1).params = single([0; 0; 0; 0]);
baseMission(31, 1).mode = uint8(2);
baseMission(31, 1).position = single( ...
  [170.016693; 31.0167; -15]);
baseMission(31, 1).params = single([0; 0; 0; 0]);
baseMission(32, 1).mode = uint8(2);
baseMission(32, 1).position = single( ...
  [170.026199; 31.0262; -15]);
baseMission(32, 1).params = single([0; 0; 0; 0]);
baseMission(33, 1).mode = uint8(2);
baseMission(33, 1).position = single( ...
  [170.076202; 31.0762; -15]);
baseMission(33, 1).params = single([0; 0; 0; 0]);
baseMission(34, 1).mode = uint8(2);
baseMission(34, 1).position = single( ...
  [170.027; 31.027; -15]);
baseMission(34, 1).params = single([0; 0; 0; 0]);
baseMission(35, 1).mode = uint8(2);
baseMission(35, 1).position = single( ...
  [170.089294; 31.0893; -15]);
baseMission(35, 1).params = single([0; 0; 0; 0]);
baseMission(36, 1).mode = uint8(2);
baseMission(36, 1).position = single( ...
  [170.065308; 31.0653; -15]);
baseMission(36, 1).params = single([0; 0; 0; 0]);
baseMission(37, 1).mode = uint8(2);
baseMission(37, 1).position = single( ...
  [170.084503; 31.0845; -15]);
baseMission(37, 1).params = single([0; 0; 0; 0]);
baseMission(38, 1).mode = uint8(2);
baseMission(38, 1).position = single( ...
  [170.063705; 31.0637; -15]);
baseMission(38, 1).params = single([0; 0; 0; 0]);
baseMission(39, 1).mode = uint8(2);
baseMission(39, 1).position = single( ...
  [170.067703; 31.0677; -15]);
baseMission(39, 1).params = single([0; 0; 0; 0]);
baseMission(40, 1).mode = uint8(2);
baseMission(40, 1).position = single( ...
  [170.032806; 31.0328; -15]);
baseMission(40, 1).params = single([0; 0; 0; 0]);
baseMission(41, 1).mode = uint8(2);
baseMission(41, 1).position = single( ...
  [170.097702; 31.0977; -15]);
baseMission(41, 1).params = single([0; 0; 0; 0]);
baseMission(42, 1).mode = uint8(2);
baseMission(42, 1).position = single( ...
  [170.059692; 31.0597; -15]);
baseMission(42, 1).params = single([0; 0; 0; 0]);

